17:55:00  33.9  79  41.8   2.1  97  773.3  108     #   0.0 0     #   6.3  82   5.2   3.6  27.4   4.0 100 0
18:00:00  38.6  21  50.4   2.1  97  773.3  116     #   0.0 0     #   6.3  82   5.2   3.6  30.7   4.0 100 0
18:05:00  41.1  87  51.5   2.2  97  773.2   83     #   0.0 0     #   6.3  82   5.3   3.6  28.6   4.0 100 0
18:10:00  42.4  23  49.3   2.1  97  773.3   64     #   0.0 0     #   6.3  83   5.3   3.6  33.7   4.0 100 0
18:15:00  43.8  19  52.2   2.3  95  773.2   47     #   0.0 0     #   6.3  83   5.2   3.6  34.0   4.1  99 0
18:20:00  43.4  17  52.8   2.2  95  773.3   31     #   0.0 0     #   6.2  83   5.3   3.6  37.5   4.1  99 0
18:25:00  46.1  89  53.2   2.2  96  773.2   28     #   0.0 0     #   6.2  83   5.3   3.6  36.4   4.0 100 0
18:30:00  45.1 152  51.5   2.0  95  773.3   20     #   0.0 0     #   6.2  83   5.2   3.6  35.7   3.9 100 1
18:35:00  42.6   8  51.5   2.2  96  773.3   15     #   0.0 0     #   6.2  83   5.3   3.6  34.6   3.9 100 1
18:40:00  42.9 217  62.5   2.2  97  773.3    8     #   0.0 0     #   6.2  83   5.2   3.6  32.6   3.9 100 1
18:45:00  46.3  76  61.4   2.1  97  773.3    5     #   0.0 0     #   6.2  83   5.3   3.6  32.2   3.9 100 1
18:50:00  42.0  12  53.5   2.1  97  773.3    2     #   0.0 1     #   6.2  83   5.3   3.6  31.1   3.9 100 1
18:55:00  44.8   9  54.1   2.0  98  773.3    0     #   0.0 1     #   6.2  83   5.2   3.6  30.8   3.8 100 1
19:00:00  43.2 145  53.8   2.0  98  773.3    0     #   0.0 1     #   6.2  83   5.4   3.7  28.8   3.9 100 1
19:05:00  45.5  80  55.3   2.0  98  773.3    0     #   0.0 1     #   6.2  84   5.3   3.7  30.3   3.8 100 1
19:10:00  47.0 148  56.7   1.8  98  773.3    0     #   0.0 1     #   6.2  84   5.2   3.7  36.1   3.7 100 1
19:15:00  50.1 144  57.8   1.7  98  773.3    0     #   0.0 1     #   6.2  84   5.3   3.7  33.9   3.5 100 1
19:20:00  48.7  11  55.0   1.6  97  773.3    0     #   0.0 1     #   6.1  84   5.3   3.7  33.7   3.6 100 1
19:25:00  49.7 107  59.9   1.6  95  773.3    0     #   0.0 1     #   6.1  84   5.3   3.7  30.9   3.5  99 1
11:35:00  47.7  79  59.6   2.0  87  773.4    0     #   0.0 1     #   6.1  84   5.2   3.6  36.3   3.9  40 0
